10.5
206.56
45.8
33.4
2.06
3.90
7.89
12345.67
810209.67
8300.00
125299.00
4187.52
23.54
34.34
67.78
45.45
52.47
56.89
67.69
3.45
2.76
0.88
11.23
23.23
456.43
567.90
33.56
22.99
21.15
43.43
25.75
125.00
1200.33
1199.99
21.89
18.50
3.40
89.00
91.00
76.98
78.90
0.52
0.89
45.00
12189.92
2341.15
950225.09
1127.50
538.00
98767.34
12389.98
1265.90
908654.00
4485.98
10.54
9900.01
9.78
79.00
2256.71
29.00
909.06
72456.99
6676.90
129.90
2333.90
9943.09
3267.98
0.89
986.43
1269.98
2259.62
16.20
2234.87
368.10
452.15
539.90
67300.01
0.15
3378.00
3432.09
6745.15
4566.67
215.99
6518.30
649.45